0 0 0 0
1 0.35 0 0
2 0 0 0.55
3 0.35 0 0.55
QR_10 -12.664715404 -0.0759387802766 0.721072772009
QR_11 -14.6621755153 -1.68378750751 0.583240122741
QR_12 -18.0768452964 -1.27821299771 0.59932180832
QR_13 -15.9043447605 -4.9436709867 0.715310550329
QR_14 -18.0425876625 -5.24165111342 0.555065951488
QR_15 -16.5310940298 -7.09507673409 0.529623707412
QR_16 -14.4660564131 -4.60974833821 0.573035979663
QR_17 -13.7127913893 -7.47383432883 0.604591730891
QR_18 -11.5402209978 -4.58565066593 0.597057749006
QR_19 -9.32399190007 -7.04100235456 0.617225700565
QR_1 -4.06099748077 -7.40017770832 0.591687577772
QR_20 -11.7825643861 -7.45789504638 0.615237667025
QR_2 -6.46439079446 -5.5369873312 0.636684891052
QR_4 -9.04298665018 -7.16791790006 0.543198391867
QR_5 -7.92279062047 -4.45629170774 0.500721938306
QR_6 -9.6682999335 -3.14370208334 0.623049417704
QR_7 -9.35588957282 -0.449005605689 0.556934451435
QR_8 -11.6401497838 -1.66283648404 0.589737221543
